

// r_regression
0.7926122844219208, 0.8070914149284363, 0.8005113104979197, 0.7926802039146423, 0.757758617401123, 
0.7874524593353271, 0.7699446876843771, 0.757378876209259, 0.7658812999725342, 0.7628977398077647, 
0.7881731986999512, 0.7673471371332804, 0.7815295855204264, 0.7589916884899139, 0.7592891156673431, 
0.7690156797568003, 0.7796448270479838, 0.7687255442142487, 0.7618013421694437, 0.7824419339497884,

// f_regression
0.7915527522563934, 0.8166609406471252, 0.8223789930343628, 0.8076323668162028, 0.7723037401835123, 
0.7788175841172537, 0.7681342959403992, 0.769745409488678, 0.7759800950686137, 0.7662130296230316, 
0.7695769568284353, 0.7709815005461375, 0.7532289922237396, 0.7741758724053701, 0.7620339890321096, 
0.7895377377669016, 0.7862446904182434, 0.7696913282076517, 0.7691211501757304, 0.777511199315389, 

// mutual_info_regression
0.8049730658531189, 0.8004382948080698, 0.8000531792640686, 0.7928598622481028, 0.7778312762578329, 
0.7523308495680491, 0.7701099514961243, 0.774358848730723, 0.7942223648230234, 0.7747146785259247, 
0.7738375663757324, 0.7836558818817139, 0.8065203030904134, 0.7891509930292765, 0.791688879330953, 
0.7728709777196249, 0.7644167244434357, 0.7512900829315186, 0.7657418251037598, 0.7736450632413229,



f_regression              k = 22      0.7532289922237396
mutual_info_regression    k = 15      0.7523308495680491
mutual_info_regression    k = 27      0.7512900829315186       v



          valid                    public
NAdam     0.7631803552309672       0.86736
Adam      0.7623787224292755       0.80981       v


             valid                   public
LeakyReLU    0.7623787224292755      0.80981     v
ReLU         0.7575073341528574      0.86572



batch_size
256             0.7623787224292755
512             0.6668985933065414         v



[16, 8, 1]       0.6668985933065414
[32, 16, 8, 1]   0.6856763511896133

